"p=40" 	1.5670476568094	1.80212000691401	2.12300853486883
"p=60"	1.58202662908941	1.80696030683361	2.16570591123033
"p=80"	1.55745964385127	1.78278421436128	2.11649265753916