"p=40" 	1.67991798317345	1.74538186656963	2.32738442426845
"p=60"	1.68009084893792	1.74064585818269	2.33799324933753
"p=80"	1.66484992911398	1.73545303702778	2.32913803533406