"p=40" 	1.75261725396968	1.7967769840785	2.64154842903864
"p=60"	1.77871333682823	1.78928048927629	2.60017429201782
"p=80"	1.7491993381283	1.7621024580865	2.58699258342709