"p=40" 	1.40424570000425	1.42349455464179	1.7380653674624
"p=60"	1.49979029057053	1.41544690121312	1.73515601670737
"p=80"	1.53144479152427	1.532276222097	1.80747999342448