"p=40" 	1.3924041492693	1.49345835563041	1.63889735843897
"p=60"	1.4354973606312	1.59454661527904	1.74412882253476
"p=80"	1.45186215357632	1.51863418271949	1.74431221419747