"p=40" 	1.48321404978679	1.52454349297904	1.85132103456431
"p=60"	1.53940086860971	1.57790802169526	1.95556163335817
"p=80"	1.55165874219296	1.49959303293885	1.88956872458206