"p=40" 	1.51975731866425	1.58258595607591	1.7882421372109
"p=60"	1.52314677757421	1.59985532986869	2.13864670589397
"p=80"	2.45617807979	2.15461469381312	3.12031139471833