"p=40" 	1.77525115332633	1.91384993436065	2.70465444935825
"p=60"	1.78762125379826	1.9402205837099	2.7070041742556
"p=80"	1.78357749887877	1.95182456776627	2.68894445811812