"p=40" 	1.39841402101105	1.4160867760807	1.65249016813678
"p=60"	1.47369881763705	1.40494829206455	1.70363130235516
"p=80"	1.5129835661974	1.54675781727221	1.74970193466667