"p=40" 	1.51814282065372	1.76357265997454	1.87406897082925
"p=60"	1.55367435813051	1.88774529468859	2.06388800908154
"p=80"	1.59455845812569	1.81963157259134	1.99820086287976