"p=40" 	1.79317431527431	2.31259507324252	2.68416738962211c
"p=60"	1.75265804590062	2.32123533263434	2.66221920248416c
"p=80"	1.75823427021347	2.28017790756719	2.60236017356454c