"p=40" 	1.81243459537648	1.8641461967281	2.64053642630237
"p=60"	1.80124798631158	1.8553326004209	2.6130866729348
"p=80"	1.77745620713119	1.83518698631948	2.57267973875909